352662
317456
77857
322299
295908
76172
338257
297644
75444
339932
302861
41392
364568
317773
73218
353427
266889
85540
320553
295511
77662
342848
294526
75281
373300
270540
68790
327931
331983
71830
313201
335079
74494
325637
272049
37122
390089
290698
71807
358279
310155
73874
340833
267591
75720
329676
320635
73858
354069
299895
73919
318220
287339
65676
345756
333059
67859
326878
313372
49642
359736
267523
74956
349354
320944
75843
338305
290082
77373
324457
286502
70221
357716
310123
68793
321286
320285
76490
336413
305674
69068
317707
320331
38132
358818
323154
65308
348075
270295
66507
350007
303143
81317
320066
310092
71444
367258
284798
67923
320451
304422